"wholegrains"	"vegetables"	"fruits"	"sugar"	"dairy"	"meat"
"Subject_1"	0.0396547887414706	0.082710073439177	0.0179156188466129	0.280125427623059	0.335734843136992	0.243859248212689
"Subject_2"	0.202159291465212	0.246397980246156	0.108091469957788	0.234321525370399	0.00107654292118696	0.207953190039258
"Subject_3"	0.413851477732305	0.220229385749609	0.355470670825516	0.0011028879066682	0.00824268987923305	0.0011028879066682
"Subject_4"	0.210805505263085	0.167230935842084	0.0456300606205393	0.0976361940220502	0.202220155547572	0.27647714870467
"Subject_5"	0.305849039720815	0.291857160345171	0.277966865667545	0.0796128238728455	0.0356231029654205	0.00909100742820276
"Subject_6"	0.38233785185702	0.281243799961723	0.207758842367299	0.0779823949325115	0.0498500654740868	0.000827045407360082
"Subject_7"	0.190710901819192	0.200707446997856	0.0838574000631933	0.056849566027682	0.132295310442381	0.335579374649696
"Subject_8"	0.279624390319452	0.257702453359043	0.124575836164121	0.0866553622771563	0.00400565609437822	0.24743630178585
"Subject_9"	0.246932480354253	0.0657885653152872	0.167149971794472	0.0383448528134935	0.116328091631967	0.365456038090527
"Subject_10"	0.158135412575152	0.173703798268493	0.225718242469772	0.0736283813752854	0.0868613923716383	0.28195277293966
"Subject_11"	0.10258671680716	0.00112462101133133	0.19073537810435	0.070133660442781	0.169931720225507	0.46548790340887
"Subject_12"	0.221723398477779	0.157167161661008	0.125400892274545	0.17173580099352	0.12215385970769	0.201818886885458
"Subject_13"	0.411508576700384	0.258108136008498	0.256410881654749	0.0269342566038892	0.0461842105171931	0.000853938515286232
"Subject_14"	0.255871348305422	0.26306483361455	0.110546273167967	0.111618893111314	0.00101850672964559	0.257880145071102
"Subject_15"	0.211733341068006	0.0487650434317304	0.153129028078028	0.13959028634574	0.193426357885393	0.253355943191104
"Subject_16"	0.125472414205763	0.169751086913206	0.147764436590988	0.11131128686403	0.151211549231657	0.294489226194357
"Subject_17"	0.188908838470991	0.161057157769763	0.163368212725495	0.0969665623357413	0.140797294815146	0.248901933882864
"Subject_18"	0.440058210092591	0.269479635746613	0.198730427767474	0.0251984117043452	0.0390802730851612	0.0274530416038158
"Subject_19"	0.195399414671938	0.100722213032056	0.179994753939516	0.096396714249014	0.180570261765612	0.246916642341865
"Subject_20"	0.000973223275141028	0.0431612012684059	0.0161626885149229	0.322596518375967	0.322070253837579	0.295036114727984
"Subject_21"	0.454588740241149	0.257152813973894	0.283740737587178	0.00111287209291099	0.00111287209291099	0.00229196401195709
"Subject_22"	0.199575062936492	0.177563139428971	0.155556956642965	0.116374092903502	0.119827547324683	0.231103200763387
"Subject_23"	0.0604368912644217	0.139394648684615	0.02399974661641	0.266889027238151	0.281346797689471	0.227932888506931
"Subject_24"	0.227007170704581	0.20863368728912	0.127193672776998	0.153392616366644	0.0633349263849577	0.220437926477699
"Subject_25"	0.00336616178194144	0.079429698212507	0.0570402926212119	0.294790114275874	0.308247437392495	0.257126295715971
"Subject_26"	0.427042950130842	0.258494650875594	0.224410747263188	0.0328201022591998	0.037973382034044	0.0192581674371326
"Subject_27"	0.198341932623931	0.0247979665172664	0.230354665956104	0.0843283224402517	0.171880855774517	0.290296256687931
"Subject_28"	0.150464923258703	0.06601493092552	0.134560699064788	0.2085547538967	0.127336292908098	0.31306839994619
"Subject_29"	0.184235873686463	0.118361370480774	0.108940066598161	0.0672871948502445	0.161420317368107	0.35975517701625
"Subject_30"	0.240674817432486	0.209483991578082	0.048195526033559	0.155774607099255	0.163254939220234	0.182616118636384
"Subject_31"	0.186043452349165	0.157056627736458	0.164823097154923	0.0839349435794776	0.164308564545349	0.243833314634627
"Subject_32"	0.481599600694626	0.200237486795051	0.314791769910094	0.00112371420007628	0.00112371420007628	0.00112371420007628
"Subject_33"	0.0294460516247945	0.127554732266451	0.0118623964851123	0.265964630940532	0.238671299228544	0.326500889454566
"Subject_34"	0.205298904472224	0.180600621516892	0.12866982603345	0.0754707413105935	0.181577266632526	0.228382640034315
"Subject_35"	0.312375739781011	0.240140258059488	0.10479503208981	0.103882559066522	0.000962656340132459	0.237843754663037
"Subject_36"	0.132286999663769	0.201489952840061	0.0968037254134621	0.0354541408323478	0.142567988648696	0.391397192601664
"Subject_37"	0.291803734840232	0.312788969030515	0.111866451253367	0.103862292668276	0.000913723480857479	0.178764828726752
"Subject_38"	0.155400930737956	0.151291016137273	0.136602045478392	0.0754789768786601	0.164095921163822	0.317131109603896
"Subject_39"	0.0343244511091646	0.080857029640955	0.0566819728441766	0.289333313151353	0.246600337008391	0.29220289624596
"Subject_40"	0.252567922564267	0.0340294127684413	0.114921982914785	0.126248950722118	0.2104090569727	0.261822674057689
"Subject_41"	0.351559277606977	0.308780220904069	0.336439689165431	0.00107360410784085	0.00107360410784085	0.00107360410784085
"Subject_42"	0.259531940287652	0.171948656968055	0.102904413357344	0.118385217930754	0.0544238443809414	0.292805927075253
"Subject_43"	0.000991110893751085	0.00926975407231729	0.000991110893751085	0.339967520823403	0.394600287499115	0.254180215817663
"Subject_44"	0.0988105840573761	0.211818342301962	0.15318763615292	0.0431403421976014	0.142449571632573	0.350593523657567
"Subject_45"	0.136898840455302	0.142621878721969	0.126285412930067	0.15718156380175	0.157359903248257	0.279652400842656
"Subject_46"	0.423150944537251	0.215413692199324	0.26284100357337	0.0381570008765573	0.0595349640203661	0.000902394793132172
"Subject_47"	0.383546975628387	0.191485521497483	0.269445427380586	0.0465721626266858	0.0596431994950183	0.0493067133718397
"Subject_48"	0.00111000749189354	0.0786846202549093	0.00111000749189354	0.368889537652087	0.285376980544115	0.264828846565102
"Subject_49"	0.182837044340219	0.0707092193357662	0.0976578715288052	0.126115134624802	0.144101695992493	0.378579034177915
"Subject_50"	0.380365781449183	0.291208765866256	0.210216076694476	0.0280907024977859	0.0425786671848422	0.0475400063074566
"Subject_51"	0.218277863951249	0.10535754961603	0.113788424249212	0.087964933007744	0.226359432443731	0.248251796732034
"Subject_52"	0.207042671701857	0.221721177838433	0.0452225929922717	0.132725739247928	0.117566504263476	0.275721313956034
"Subject_53"	0.261416714309791	0.239927543572033	0.0634533339358664	0.167853564388938	0.000979333575392607	0.266369510217979
"Subject_54"	0.179210711667245	0.252599917528064	0.153898421675327	0.15792008481693	0.000909234612691922	0.255461629699743
"Subject_55"	0.223841457057027	0.106360582365747	0.145180990371292	0.120856344003607	0.0791704977336302	0.324590128468697
"Subject_56"	0.228138957356301	0.132374281140526	0.198943681915343	0.10995298375638	0.115327165247922	0.215262930583529
"Subject_57"	0.153434247943463	0.20215121072885	0.0464361955578497	0.172672084636059	0.132742510838828	0.292563750294951
"Subject_58"	0.196254464964406	0.23904863473344	0.149254324479622	0.148498884178965	0.0147908907974974	0.25215280084607
"Subject_59"	0.188912381623351	0.0637520999822971	0.128381895699955	0.150130456192114	0.152496592130072	0.31632657437221
"Subject_60"	0.223975557008406	0.142407900803334	0.0930959866941574	0.141890429017706	0.0996068441189641	0.299023282357433
"Subject_61"	0.278992619431653	0.231460830567538	0.11027684623148	0.136965094549458	0.0478697771471078	0.194434832072764
